# Made in Blockbench 4.12.6
mtllib royal_guard_statue.mtl

o cube
v 0.3125 1.5 0.1875
v 0.3125 1.5 -0.1875
v 0.3125 0.75 0.1875
v 0.3125 0.75 -0.1875
v -0.3125 1.5 -0.1875
v -0.3125 1.5 0.1875
v -0.3125 0.75 -0.1875
v -0.3125 0.75 0.1875
vt 0.265625 0.59375
vt 0.34375 0.59375
vt 0.34375 0.40625
vt 0.265625 0.40625
vt 0.34375 0.59375
vt 0.390625 0.59375
vt 0.390625 0.40625
vt 0.34375 0.40625
vt 0.390625 0.59375
vt 0.46875 0.59375
vt 0.46875 0.40625
vt 0.390625 0.40625
vt 0.21875 0.59375
vt 0.265625 0.59375
vt 0.265625 0.40625
vt 0.21875 0.40625
vt 0.265625 0.6875
vt 0.34375 0.6875
vt 0.34375 0.59375
vt 0.265625 0.59375
vt 0.34375 0.6875
vt 0.421875 0.6875
vt 0.421875 0.59375
vt 0.34375 0.59375
vn 0 0 -1
vn 1 0 0
vn 0 0 1
vn -1 0 0
vn 0 1 0
vn 0 -1 0
usemtl m_b1461b08-ebbc-dc75-21cd-25d119d819ba
f 4/4/1 7/3/1 5/2/1 2/1/1
f 3/8/2 4/7/2 2/6/2 1/5/2
f 8/12/3 3/11/3 1/10/3 6/9/3
f 7/16/4 8/15/4 6/14/4 5/13/4
f 6/20/5 1/19/5 2/18/5 5/17/5
f 7/24/6 4/23/6 3/22/6 8/21/6
o cube
v 0.328125 1.3921083697796837 -0.08430086478143067
v 0.328125 1.463861513348138 -0.2575282771272969
v 0.328125 1.161138486651862 -0.17997172287270308
v 0.328125 1.2328916302203163 -0.3531991352185693
v 0.015625 1.463861513348138 -0.2575282771272969
v 0.015625 1.3921083697796837 -0.08430086478143067
v 0.015625 1.2328916302203163 -0.3531991352185693
v 0.015625 1.161138486651862 -0.17997172287270308
vt 0.2421875 0.359375
vt 0.28125 0.359375
vt 0.28125 0.296875
vt 0.2421875 0.296875
vt 0.28125 0.359375
vt 0.3046875 0.359375
vt 0.3046875 0.296875
vt 0.28125 0.296875
vt 0.3046875 0.359375
vt 0.34375 0.359375
vt 0.34375 0.296875
vt 0.3046875 0.296875
vt 0.21875 0.359375
vt 0.2421875 0.359375
vt 0.2421875 0.296875
vt 0.21875 0.296875
vt 0.28125 0.40625
vt 0.2421875 0.40625
vt 0.2421875 0.359375
vt 0.28125 0.359375
vt 0.28125 0.40625
vt 0.3203125 0.40625
vt 0.3203125 0.359375
vt 0.28125 0.359375
vn 0 0.3826834323650897 -0.9238795325112867
vn 1 0 0
vn 0 -0.3826834323650897 0.9238795325112867
vn -1 0 0
vn 0 0.9238795325112867 0.3826834323650897
vn 0 -0.9238795325112867 -0.3826834323650897
usemtl m_b1461b08-ebbc-dc75-21cd-25d119d819ba
f 12/28/7 15/27/7 13/26/7 10/25/7
f 11/32/8 12/31/8 10/30/8 9/29/8
f 16/36/9 11/35/9 9/34/9 14/33/9
f 15/40/10 16/39/10 14/38/10 13/37/10
f 14/44/11 9/43/11 10/42/11 13/41/11
f 15/48/12 12/47/12 11/46/12 16/45/12
o cube
v -0.015625 1.3921083697796837 -0.08430086478143067
v -0.015625 1.463861513348138 -0.2575282771272969
v -0.015625 1.161138486651862 -0.17997172287270308
v -0.015625 1.2328916302203163 -0.3531991352185693
v -0.328125 1.463861513348138 -0.2575282771272969
v -0.328125 1.3921083697796837 -0.08430086478143067
v -0.328125 1.2328916302203163 -0.3531991352185693
v -0.328125 1.161138486651862 -0.17997172287270308
vt 0.28125 0.359375
vt 0.2421875 0.359375
vt 0.2421875 0.296875
vt 0.28125 0.296875
vt 0.2421875 0.359375
vt 0.21875 0.359375
vt 0.21875 0.296875
vt 0.2421875 0.296875
vt 0.34375 0.359375
vt 0.3046875 0.359375
vt 0.3046875 0.296875
vt 0.34375 0.296875
vt 0.3046875 0.359375
vt 0.28125 0.359375
vt 0.28125 0.296875
vt 0.3046875 0.296875
vt 0.2421875 0.40625
vt 0.28125 0.40625
vt 0.28125 0.359375
vt 0.2421875 0.359375
vt 0.3203125 0.40625
vt 0.28125 0.40625
vt 0.28125 0.359375
vt 0.3203125 0.359375
vn 0 0.3826834323650897 -0.9238795325112867
vn 1 0 0
vn 0 -0.3826834323650897 0.9238795325112867
vn -1 0 0
vn 0 0.9238795325112867 0.3826834323650897
vn 0 -0.9238795325112867 -0.3826834323650897
usemtl m_b1461b08-ebbc-dc75-21cd-25d119d819ba
f 20/52/13 23/51/13 21/50/13 18/49/13
f 19/56/14 20/55/14 18/54/14 17/53/14
f 24/60/15 19/59/15 17/58/15 22/57/15
f 23/64/16 24/63/16 22/62/16 21/61/16
f 22/68/17 17/67/17 18/66/17 21/65/17
f 23/72/18 20/71/18 19/70/18 24/69/18
o right arm
v 0.5122933396129062 1.3214487897291054 0.05328138035557865
v 0.5164664438315635 1.5560542862815792 -0.03299055128239657
v 0.2255539377130183 1.0867604195549068 -0.5987936799734244
v 0.22972704193167554 1.3213659161073805 -0.6850656116113996
v 0.2854965607037418 1.5926659386332607 0.055397796365921834
v 0.28132345648508456 1.3580604420807871 0.14166972800389707
v -0.0012428411961461494 1.357977568459062 -0.5966772639630812
v -0.005415945414803391 1.1233720719065885 -0.510405332325106
vt 0.3125 0.90625
vt 0.28125 0.90625
vt 0.28125 0.71875
vt 0.3125 0.71875
vt 0.34375 0.90625
vt 0.3125 0.90625
vt 0.3125 0.71875
vt 0.34375 0.71875
vt 0.3828125 0.90625
vt 0.34375 0.90625
vt 0.34375 0.71875
vt 0.3828125 0.71875
vt 0.28125 0.90625
vt 0.25 0.90625
vt 0.25 0.71875
vt 0.28125 0.71875
vt 0.3125 0.96875
vt 0.28125 0.96875
vt 0.28125 0.90625
vt 0.3125 0.90625
vt 0.34375 0.96875
vt 0.3125 0.96875
vt 0.3125 0.90625
vt 0.34375 0.90625
vn 0.0166924168746289 0.9384219862098948 -0.3450877265519009
vn 0.923879532511287 -0.14644660940672624 -0.35355339059327356
vn -0.0166924168746289 -0.9384219862098948 0.3450877265519009
vn -0.923879532511287 0.14644660940672624 0.35355339059327356
vn 0.38231920253318397 0.31291782689893155 0.8694334137720039
vn -0.38231920253318397 -0.31291782689893155 -0.8694334137720039
usemtl m_b1461b08-ebbc-dc75-21cd-25d119d819ba
f 28/76/19 31/75/19 29/74/19 26/73/19
f 27/80/20 28/79/20 26/78/20 25/77/20
f 32/84/21 27/83/21 25/82/21 30/81/21
f 31/88/22 32/87/22 30/86/22 29/85/22
f 30/92/23 25/91/23 26/90/23 29/89/23
f 31/96/24 28/95/24 27/94/24 32/93/24
o cube
v 0.5640162491075437 1.27777832322821 0.1181404081697829
v 0.5702759054355295 1.6296865680569206 -0.011267489287179949
v 0.4684364484742477 1.1995488665034773 -0.09921794527321807
v 0.47469610480223356 1.5514571113321878 -0.2286258427301809
v 0.3104347869167301 1.6708746769525624 0.08816940181717826
v 0.30417513058874424 1.318966432123852 0.21757729927414113
v 0.2148549862834341 1.5926452202278294 -0.1291889516258227
v 0.20859532995544824 1.2407369753991189 0.00021894583114014446
vt 0.421875 0.3125
vt 0.390625 0.3125
vt 0.390625 0.25
vt 0.421875 0.25
vt 0.46875 0.3125
vt 0.421875 0.3125
vt 0.421875 0.25
vt 0.46875 0.25
vt 0.5078125 0.3125
vt 0.46875 0.3125
vt 0.46875 0.25
vt 0.5078125 0.25
vt 0.390625 0.3125
vt 0.34375 0.3125
vt 0.34375 0.25
vt 0.390625 0.25
vt 0.390625 0.40625
vt 0.421875 0.40625
vt 0.421875 0.3125
vt 0.390625 0.3125
vt 0.421875 0.40625
vt 0.453125 0.40625
vt 0.453125 0.3125
vt 0.421875 0.3125
vn 0.0166924168746289 0.9384219862098948 -0.3450877265519009
vn 0.923879532511287 -0.14644660940672624 -0.35355339059327356
vn -0.0166924168746289 -0.9384219862098948 0.3450877265519009
vn -0.923879532511287 0.14644660940672624 0.35355339059327356
vn 0.38231920253318397 0.31291782689893155 0.8694334137720039
vn -0.38231920253318397 -0.31291782689893155 -0.8694334137720039
usemtl m_b1461b08-ebbc-dc75-21cd-25d119d819ba
f 36/100/25 39/99/25 37/98/25 34/97/25
f 35/104/26 36/103/26 34/102/26 33/101/26
f 40/108/27 35/107/27 33/106/27 38/105/27
f 39/112/28 40/111/28 38/110/28 37/109/28
f 38/116/29 33/115/29 34/114/29 37/113/29
f 39/120/30 36/119/30 35/118/30 40/117/30
o cube
v 0.6587360686771234 1.4158692552855414 -0.04509730274360796
v 0.6597793447317877 1.47452062942366 -0.06666528565310177
v 0.6348411185187994 1.3963118911043582 -0.0994368911043582
v 0.6358843945734638 1.4549632652424767 -0.121004874013852
v 0.5442944031678769 1.4928264555995006 -0.022471111828942573
v 0.5432511271132126 1.434175081461382 -0.0009031289194487667
v 0.5203994530095529 1.4732690914183173 -0.07681070018969281
v 0.5193561769548886 1.414617717280199 -0.055242717280199014
vt 0.4921875 0.125
vt 0.5078125 0.125
vt 0.5078125 0.09375
vt 0.4921875 0.09375
vt 0.5078125 0.125
vt 0.5234375 0.125
vt 0.5234375 0.09375
vt 0.5078125 0.09375
vt 0.5234375 0.125
vt 0.5390625 0.125
vt 0.5390625 0.09375
vt 0.5234375 0.09375
vt 0.4765625 0.125
vt 0.4921875 0.125
vt 0.4921875 0.09375
vt 0.4765625 0.09375
vt 0.4921875 0.140625
vt 0.5078125 0.140625
vt 0.5078125 0.125
vt 0.4921875 0.125
vt 0.5078125 0.140625
vt 0.5234375 0.140625
vt 0.5234375 0.125
vt 0.5078125 0.125
vn 0.0166924168746289 0.9384219862098948 -0.3450877265519009
vn 0.923879532511287 -0.14644660940672624 -0.35355339059327356
vn -0.0166924168746289 -0.9384219862098948 0.3450877265519009
vn -0.923879532511287 0.14644660940672624 0.35355339059327356
vn 0.38231920253318397 0.31291782689893155 0.8694334137720039
vn -0.38231920253318397 -0.31291782689893155 -0.8694334137720039
usemtl m_b1461b08-ebbc-dc75-21cd-25d119d819ba
f 44/124/31 47/123/31 45/122/31 42/121/31
f 43/128/32 44/127/32 42/126/32 41/125/32
f 48/132/33 43/131/33 41/130/33 46/129/33
f 47/136/34 48/135/34 46/134/34 45/133/34
f 46/140/35 41/139/35 42/138/35 45/137/35
f 47/144/36 44/143/36 43/142/36 48/141/36
o cube
v 0.4547832878197571 1.245825625379046 -0.10986966072731852
v 0.45947803006574645 1.509756809000579 -0.20692558382004064
v 0.3830984373447851 1.1871535328354965 -0.2728884258095693
v 0.3877931795907745 1.4510847164570293 -0.36994434890229144
v 0.28625061771988014 1.5372155482643401 -0.14063432308380183
v 0.28155587547389077 1.2732843646428074 -0.04357839999107972
v 0.21456576724490817 1.4785434557207906 -0.30365308816605263
v 0.2098710249989188 1.2146122720992576 -0.20659716507333045
vt 0.2734375 0.234375
vt 0.25 0.234375
vt 0.25 0.1875
vt 0.2734375 0.1875
vt 0.3046875 0.234375
vt 0.2734375 0.234375
vt 0.2734375 0.1875
vt 0.3046875 0.1875
vt 0.328125 0.234375
vt 0.3046875 0.234375
vt 0.3046875 0.1875
vt 0.328125 0.1875
vt 0.25 0.234375
vt 0.21875 0.234375
vt 0.21875 0.1875
vt 0.25 0.1875
vt 0.25 0.296875
vt 0.2734375 0.296875
vt 0.2734375 0.234375
vt 0.25 0.234375
vt 0.2734375 0.296875
vt 0.296875 0.296875
vt 0.296875 0.234375
vt 0.2734375 0.234375
vn 0.0166924168746289 0.9384219862098948 -0.3450877265519009
vn 0.923879532511287 -0.14644660940672624 -0.35355339059327356
vn -0.0166924168746289 -0.9384219862098948 0.3450877265519009
vn -0.923879532511287 0.14644660940672624 0.35355339059327356
vn 0.38231920253318397 0.31291782689893155 0.8694334137720039
vn -0.38231920253318397 -0.31291782689893155 -0.8694334137720039
usemtl m_b1461b08-ebbc-dc75-21cd-25d119d819ba
f 52/148/37 55/147/37 53/146/37 50/145/37
f 51/152/38 52/151/38 50/150/38 49/149/38
f 56/156/39 51/155/39 49/154/39 54/153/39
f 55/160/40 56/159/40 54/158/40 53/157/40
f 54/164/41 49/163/41 50/162/41 53/161/41
f 55/168/42 52/167/42 51/166/42 56/165/42
o cube
v 0.37835457110093756 1.12651127612266 -0.392748421987756
v 0.3835709513742591 1.4197681468132524 -0.500588336535225
v 0.25887982030931755 1.028724455216744 -0.6644463637915071
v 0.26409620058263916 1.321981325907336 -0.7722862783389762
v 0.26808600981034825 1.438073972989093 -0.4563941627110658
v 0.2628696295370267 1.144817102298501 -0.3485542481635968
v 0.14861125901872826 1.340287152083177 -0.7280921045148171
v 0.1433948787454067 1.0470302813925847 -0.620252189967348
vt 0.3828125 0.171875
vt 0.3984375 0.171875
vt 0.3984375 0.09375
vt 0.3828125 0.09375
vt 0.34375 0.171875
vt 0.3828125 0.171875
vt 0.3828125 0.09375
vt 0.34375 0.09375
vt 0.4375 0.171875
vt 0.453125 0.171875
vt 0.453125 0.09375
vt 0.4375 0.09375
vt 0.3984375 0.171875
vt 0.4375 0.171875
vt 0.4375 0.09375
vt 0.3984375 0.09375
vt 0.3984375 0.25
vt 0.3828125 0.25
vt 0.3828125 0.171875
vt 0.3984375 0.171875
vt 0.4140625 0.25
vt 0.3984375 0.25
vt 0.3984375 0.171875
vt 0.4140625 0.171875
vn 0.0166924168746289 0.9384219862098948 -0.3450877265519009
vn 0.923879532511287 -0.14644660940672624 -0.35355339059327356
vn -0.0166924168746289 -0.9384219862098948 0.3450877265519009
vn -0.923879532511287 0.14644660940672624 0.35355339059327356
vn 0.38231920253318397 0.31291782689893155 0.8694334137720039
vn -0.38231920253318397 -0.31291782689893155 -0.8694334137720039
usemtl m_b1461b08-ebbc-dc75-21cd-25d119d819ba
f 60/172/43 63/171/43 61/170/43 58/169/43
f 59/176/44 60/175/44 58/174/44 57/173/44
f 64/180/45 59/179/45 57/178/45 62/177/45
f 63/184/46 64/183/46 62/182/46 61/181/46
f 62/188/47 57/187/47 58/186/47 61/185/47
f 63/192/48 60/191/48 59/190/48 64/189/48
o cube
v 0.19118477906205475 1.0861450097549512 -0.5115730132458475
v 0.1964011593353763 1.3794018804455432 -0.6194129277933166
v 0.1433948787454067 1.0470302813925847 -0.620252189967348
v 0.14861125901872826 1.340287152083177 -0.7280921045148171
v 0.13865868855342087 1.3885547935334637 -0.597315840881237
v 0.13344230828009931 1.0952979228428716 -0.4894759263337679
v 0.0908687882367728 1.3494400651710974 -0.7059950176027374
v 0.0856524079634513 1.0561831944805051 -0.5981551030552683
vt 0.4921875 0.125
vt 0.5 0.125
vt 0.5 0.09375
vt 0.4921875 0.09375
vt 0.453125 0.125
vt 0.4921875 0.125
vt 0.4921875 0.09375
vt 0.453125 0.09375
vt 0.5390625 0.125
vt 0.546875 0.125
vt 0.546875 0.09375
vt 0.5390625 0.09375
vt 0.5 0.125
vt 0.5390625 0.125
vt 0.5390625 0.09375
vt 0.5 0.09375
vt 0.5 0.203125
vt 0.4921875 0.203125
vt 0.4921875 0.125
vt 0.5 0.125
vt 0.5078125 0.203125
vt 0.5 0.203125
vt 0.5 0.125
vt 0.5078125 0.125
vn 0.0166924168746289 0.9384219862098948 -0.3450877265519009
vn 0.923879532511287 -0.14644660940672624 -0.35355339059327356
vn -0.0166924168746289 -0.9384219862098948 0.3450877265519009
vn -0.923879532511287 0.14644660940672624 0.35355339059327356
vn 0.38231920253318397 0.31291782689893155 0.8694334137720039
vn -0.38231920253318397 -0.31291782689893155 -0.8694334137720039
usemtl m_b1461b08-ebbc-dc75-21cd-25d119d819ba
f 68/196/49 71/195/49 69/194/49 66/193/49
f 67/200/50 68/199/50 66/198/50 65/197/50
f 72/204/51 67/203/51 65/202/51 70/201/51
f 71/208/52 72/207/52 70/206/52 69/205/52
f 70/212/53 65/211/53 66/210/53 69/209/53
f 71/216/54 68/215/54 67/214/54 72/213/54
o left arm
v -0.28132345648508456 1.3580604420807871 0.14166972800389707
v -0.2854965607037418 1.5926659386332607 0.055397796365921834
v 0.005415945414803391 1.1233720719065885 -0.510405332325106
v 0.0012428411961461494 1.357977568459062 -0.5966772639630812
v -0.5164664438315635 1.5560542862815792 -0.03299055128239657
v -0.5122933396129062 1.3214487897291054 0.05328138035557865
v -0.22972704193167554 1.3213659161073805 -0.6850656116113996
v -0.2255539377130183 1.0867604195549068 -0.5987936799734244
vt 0.28125 0.90625
vt 0.3125 0.90625
vt 0.3125 0.71875
vt 0.28125 0.71875
vt 0.25 0.90625
vt 0.28125 0.90625
vt 0.28125 0.71875
vt 0.25 0.71875
vt 0.34375 0.90625
vt 0.3828125 0.90625
vt 0.3828125 0.71875
vt 0.34375 0.71875
vt 0.3125 0.90625
vt 0.34375 0.90625
vt 0.34375 0.71875
vt 0.3125 0.71875
vt 0.28125 0.96875
vt 0.3125 0.96875
vt 0.3125 0.90625
vt 0.28125 0.90625
vt 0.3125 0.96875
vt 0.34375 0.96875
vt 0.34375 0.90625
vt 0.3125 0.90625
vn -0.0166924168746289 0.9384219862098948 -0.3450877265519009
vn 0.923879532511287 0.14644660940672624 0.35355339059327356
vn 0.0166924168746289 -0.9384219862098948 0.3450877265519009
vn -0.923879532511287 -0.14644660940672624 -0.35355339059327356
vn -0.38231920253318397 0.31291782689893155 0.8694334137720039
vn 0.38231920253318397 -0.31291782689893155 -0.8694334137720039
usemtl m_b1461b08-ebbc-dc75-21cd-25d119d819ba
f 76/220/55 79/219/55 77/218/55 74/217/55
f 75/224/56 76/223/56 74/222/56 73/221/56
f 80/228/57 75/227/57 73/226/57 78/225/57
f 79/232/58 80/231/58 78/230/58 77/229/58
f 78/236/59 73/235/59 74/234/59 77/233/59
f 79/240/60 76/239/60 75/238/60 80/237/60
o cube
v -0.13344230828009931 1.0952979228428716 -0.4894759263337679
v -0.13865868855342087 1.3885547935334637 -0.597315840881237
v -0.0856524079634513 1.0561831944805051 -0.5981551030552683
v -0.0908687882367728 1.3494400651710974 -0.7059950176027374
v -0.1964011593353763 1.3794018804455432 -0.6194129277933166
v -0.19118477906205475 1.0861450097549512 -0.5115730132458475
v -0.14861125901872826 1.340287152083177 -0.7280921045148171
v -0.1433948787454067 1.0470302813925847 -0.620252189967348
vt 0.5 0.125
vt 0.4921875 0.125
vt 0.4921875 0.09375
vt 0.5 0.09375
vt 0.5390625 0.125
vt 0.5 0.125
vt 0.5 0.09375
vt 0.5390625 0.09375
vt 0.546875 0.125
vt 0.5390625 0.125
vt 0.5390625 0.09375
vt 0.546875 0.09375
vt 0.4921875 0.125
vt 0.453125 0.125
vt 0.453125 0.09375
vt 0.4921875 0.09375
vt 0.4921875 0.203125
vt 0.5 0.203125
vt 0.5 0.125
vt 0.4921875 0.125
vt 0.5 0.203125
vt 0.5078125 0.203125
vt 0.5078125 0.125
vt 0.5 0.125
vn -0.0166924168746289 0.9384219862098948 -0.3450877265519009
vn 0.923879532511287 0.14644660940672624 0.35355339059327356
vn 0.0166924168746289 -0.9384219862098948 0.3450877265519009
vn -0.923879532511287 -0.14644660940672624 -0.35355339059327356
vn -0.38231920253318397 0.31291782689893155 0.8694334137720039
vn 0.38231920253318397 -0.31291782689893155 -0.8694334137720039
usemtl m_b1461b08-ebbc-dc75-21cd-25d119d819ba
f 84/244/61 87/243/61 85/242/61 82/241/61
f 83/248/62 84/247/62 82/246/62 81/245/62
f 88/252/63 83/251/63 81/250/63 86/249/63
f 87/256/64 88/255/64 86/254/64 85/253/64
f 86/260/65 81/259/65 82/258/65 85/257/65
f 87/264/66 84/263/66 83/262/66 88/261/66
o cube
v -0.2628696295370267 1.144817102298501 -0.3485542481635968
v -0.26808600981034825 1.438073972989093 -0.4563941627110658
v -0.1433948787454067 1.0470302813925847 -0.620252189967348
v -0.14861125901872826 1.340287152083177 -0.7280921045148171
v -0.3835709513742591 1.4197681468132524 -0.500588336535225
v -0.37835457110093756 1.12651127612266 -0.392748421987756
v -0.26409620058263916 1.321981325907336 -0.7722862783389762
v -0.25887982030931755 1.028724455216744 -0.6644463637915071
vt 0.3984375 0.171875
vt 0.3828125 0.171875
vt 0.3828125 0.09375
vt 0.3984375 0.09375
vt 0.4375 0.171875
vt 0.3984375 0.171875
vt 0.3984375 0.09375
vt 0.4375 0.09375
vt 0.453125 0.171875
vt 0.4375 0.171875
vt 0.4375 0.09375
vt 0.453125 0.09375
vt 0.3828125 0.171875
vt 0.34375 0.171875
vt 0.34375 0.09375
vt 0.3828125 0.09375
vt 0.3828125 0.25
vt 0.3984375 0.25
vt 0.3984375 0.171875
vt 0.3828125 0.171875
vt 0.3984375 0.25
vt 0.4140625 0.25
vt 0.4140625 0.171875
vt 0.3984375 0.171875
vn -0.0166924168746289 0.9384219862098948 -0.3450877265519009
vn 0.923879532511287 0.14644660940672624 0.35355339059327356
vn 0.0166924168746289 -0.9384219862098948 0.3450877265519009
vn -0.923879532511287 -0.14644660940672624 -0.35355339059327356
vn -0.38231920253318397 0.31291782689893155 0.8694334137720039
vn 0.38231920253318397 -0.31291782689893155 -0.8694334137720039
usemtl m_b1461b08-ebbc-dc75-21cd-25d119d819ba
f 92/268/67 95/267/67 93/266/67 90/265/67
f 91/272/68 92/271/68 90/270/68 89/269/68
f 96/276/69 91/275/69 89/274/69 94/273/69
f 95/280/70 96/279/70 94/278/70 93/277/70
f 94/284/71 89/283/71 90/282/71 93/281/71
f 95/288/72 92/287/72 91/286/72 96/285/72
o cube
v -0.28155587547389077 1.2732843646428074 -0.04357839999107972
v -0.28625061771988014 1.5372155482643401 -0.14063432308380183
v -0.2098710249989188 1.2146122720992576 -0.20659716507333045
v -0.21456576724490817 1.4785434557207906 -0.30365308816605263
v -0.45947803006574645 1.509756809000579 -0.20692558382004064
v -0.4547832878197571 1.245825625379046 -0.10986966072731852
v -0.3877931795907745 1.4510847164570293 -0.36994434890229144
v -0.3830984373447851 1.1871535328354965 -0.2728884258095693
vt 0.25 0.234375
vt 0.2734375 0.234375
vt 0.2734375 0.1875
vt 0.25 0.1875
vt 0.21875 0.234375
vt 0.25 0.234375
vt 0.25 0.1875
vt 0.21875 0.1875
vt 0.3046875 0.234375
vt 0.328125 0.234375
vt 0.328125 0.1875
vt 0.3046875 0.1875
vt 0.2734375 0.234375
vt 0.3046875 0.234375
vt 0.3046875 0.1875
vt 0.2734375 0.1875
vt 0.2734375 0.296875
vt 0.25 0.296875
vt 0.25 0.234375
vt 0.2734375 0.234375
vt 0.296875 0.296875
vt 0.2734375 0.296875
vt 0.2734375 0.234375
vt 0.296875 0.234375
vn -0.0166924168746289 0.9384219862098948 -0.3450877265519009
vn 0.923879532511287 0.14644660940672624 0.35355339059327356
vn 0.0166924168746289 -0.9384219862098948 0.3450877265519009
vn -0.923879532511287 -0.14644660940672624 -0.35355339059327356
vn -0.38231920253318397 0.31291782689893155 0.8694334137720039
vn 0.38231920253318397 -0.31291782689893155 -0.8694334137720039
usemtl m_b1461b08-ebbc-dc75-21cd-25d119d819ba
f 100/292/73 103/291/73 101/290/73 98/289/73
f 99/296/74 100/295/74 98/294/74 97/293/74
f 104/300/75 99/299/75 97/298/75 102/297/75
f 103/304/76 104/303/76 102/302/76 101/301/76
f 102/308/77 97/307/77 98/306/77 101/305/77
f 103/312/78 100/311/78 99/310/78 104/309/78
o cube
v -0.5432511271132126 1.434175081461382 -0.0009031289194487667
v -0.5442944031678769 1.4928264555995006 -0.022471111828942573
v -0.5193561769548886 1.414617717280199 -0.055242717280199014
v -0.5203994530095529 1.4732690914183173 -0.07681070018969281
v -0.6597793447317877 1.47452062942366 -0.06666528565310177
v -0.6587360686771234 1.4158692552855414 -0.04509730274360796
v -0.6358843945734638 1.4549632652424767 -0.121004874013852
v -0.6348411185187994 1.3963118911043582 -0.0994368911043582
vt 0.5078125 0.125
vt 0.4921875 0.125
vt 0.4921875 0.09375
vt 0.5078125 0.09375
vt 0.4921875 0.125
vt 0.4765625 0.125
vt 0.4765625 0.09375
vt 0.4921875 0.09375
vt 0.5390625 0.125
vt 0.5234375 0.125
vt 0.5234375 0.09375
vt 0.5390625 0.09375
vt 0.5234375 0.125
vt 0.5078125 0.125
vt 0.5078125 0.09375
vt 0.5234375 0.09375
vt 0.5078125 0.140625
vt 0.4921875 0.140625
vt 0.4921875 0.125
vt 0.5078125 0.125
vt 0.5234375 0.140625
vt 0.5078125 0.140625
vt 0.5078125 0.125
vt 0.5234375 0.125
vn -0.0166924168746289 0.9384219862098948 -0.3450877265519009
vn 0.923879532511287 0.14644660940672624 0.35355339059327356
vn 0.0166924168746289 -0.9384219862098948 0.3450877265519009
vn -0.923879532511287 -0.14644660940672624 -0.35355339059327356
vn -0.38231920253318397 0.31291782689893155 0.8694334137720039
vn 0.38231920253318397 -0.31291782689893155 -0.8694334137720039
usemtl m_b1461b08-ebbc-dc75-21cd-25d119d819ba
f 108/316/79 111/315/79 109/314/79 106/313/79
f 107/320/80 108/319/80 106/318/80 105/317/80
f 112/324/81 107/323/81 105/322/81 110/321/81
f 111/328/82 112/327/82 110/326/82 109/325/82
f 110/332/83 105/331/83 106/330/83 109/329/83
f 111/336/84 108/335/84 107/334/84 112/333/84
o cube
v -0.30417513058874424 1.318966432123852 0.21757729927414113
v -0.3104347869167301 1.6708746769525624 0.08816940181717826
v -0.20859532995544824 1.2407369753991189 0.00021894583114014446
v -0.2148549862834341 1.5926452202278294 -0.1291889516258227
v -0.5702759054355295 1.6296865680569206 -0.011267489287179949
v -0.5640162491075437 1.27777832322821 0.1181404081697829
v -0.47469610480223356 1.5514571113321878 -0.2286258427301809
v -0.4684364484742477 1.1995488665034773 -0.09921794527321807
vt 0.390625 0.3125
vt 0.421875 0.3125
vt 0.421875 0.25
vt 0.390625 0.25
vt 0.34375 0.3125
vt 0.390625 0.3125
vt 0.390625 0.25
vt 0.34375 0.25
vt 0.46875 0.3125
vt 0.5078125 0.3125
vt 0.5078125 0.25
vt 0.46875 0.25
vt 0.421875 0.3125
vt 0.46875 0.3125
vt 0.46875 0.25
vt 0.421875 0.25
vt 0.421875 0.40625
vt 0.390625 0.40625
vt 0.390625 0.3125
vt 0.421875 0.3125
vt 0.453125 0.40625
vt 0.421875 0.40625
vt 0.421875 0.3125
vt 0.453125 0.3125
vn -0.0166924168746289 0.9384219862098948 -0.3450877265519009
vn 0.923879532511287 0.14644660940672624 0.35355339059327356
vn 0.0166924168746289 -0.9384219862098948 0.3450877265519009
vn -0.923879532511287 -0.14644660940672624 -0.35355339059327356
vn -0.38231920253318397 0.31291782689893155 0.8694334137720039
vn 0.38231920253318397 -0.31291782689893155 -0.8694334137720039
usemtl m_b1461b08-ebbc-dc75-21cd-25d119d819ba
f 116/340/85 119/339/85 117/338/85 114/337/85
f 115/344/86 116/343/86 114/342/86 113/341/86
f 120/348/87 115/347/87 113/346/87 118/345/87
f 119/352/88 120/351/88 118/350/88 117/349/88
f 118/356/89 113/355/89 114/354/89 117/353/89
f 119/360/90 116/359/90 115/358/90 120/357/90
o legs
v 0.25 0.75 0.125
v 0.25 0.75 -0.125
v 0.25 0 0.125
v 0.25 0 -0.125
v -0.25 0.75 -0.125
v -0.25 0.75 0.125
v -0.25 0 -0.125
v -0.25 0 0.125
vt 0.09375 0.59375
vt 0.03125 0.59375
vt 0.03125 0.40625
vt 0.09375 0.40625
vt 0.125 0.59375
vt 0.09375 0.59375
vt 0.09375 0.40625
vt 0.125 0.40625
vt 0.1875 0.59375
vt 0.125 0.59375
vt 0.125 0.40625
vt 0.1875 0.40625
vt 0.03125 0.59375
vt 0 0.59375
vt 0 0.40625
vt 0.03125 0.40625
vt 0.09375 0.65625
vt 0.03125 0.65625
vt 0.03125 0.59375
vt 0.09375 0.59375
vt 0.15625 0.65625
vt 0.09375 0.65625
vt 0.09375 0.59375
vt 0.15625 0.59375
vn 0 0 -1
vn 1 0 0
vn 0 0 1
vn -1 0 0
vn 0 1 0
vn 0 -1 0
usemtl m_b1461b08-ebbc-dc75-21cd-25d119d819ba
f 124/364/91 127/363/91 125/362/91 122/361/91
f 123/368/92 124/367/92 122/366/92 121/365/92
f 128/372/93 123/371/93 121/370/93 126/369/93
f 127/376/94 128/375/94 126/374/94 125/373/94
f 126/380/95 121/379/95 122/378/95 125/377/95
f 127/384/96 124/383/96 123/382/96 128/381/96